SSW/SSR TEST                                                  02/27/20 16:05:01 
 1  mcnp      6.mpi                      08/26/14 100000000
     0
    12     0     2     2    16     1    15     3    15     1     0     0     0     0     0     0     0     0     0
  0.00000     0.100000E+37
     0
     0
 -.125000     0.125000    
 -.125000     0.125000    
  0.00000      1.00000      2.00000      3.00000      4.00000      5.00000      6.00000      7.00000      8.00000      9.00000      10.0000      11.0000      12.0000      13.0000      14.0000      15.0000    
 1.332357E-05
 1.139035E-05
 9.265930E-06
 7.971906E-06
 6.708899E-06
 5.541280E-06
 4.764047E-06
 3.856465E-06
 3.293914E-06
 2.912410E-06
 2.387366E-06
 1.859916E-06
 1.550313E-06
 1.614682E-06
 1.175505E-06
     0.019354
     0.021247
     0.023234
     0.025290
     0.027713
     0.031108
     0.033709
     0.036714
     0.038839
     0.042640
     0.048771
     0.050909
     0.054608
     0.060636
     0.065611
